name: zillow
channels:
  - conda-forge/label/cf202003
  - conda-forge
  - defaults
dependencies:
  - _py-xgboost-mutex=2.0=cpu_0
  - ca-certificates=2019.11.28=hecc5488_0
  - certifi=2021.5.30=py39haa95532_0
  - intel-openmp=2021.3.0=h57928b3_3372
  - joblib=1.0.1=pyhd8ed1ab_0
  - libblas=3.9.0=9_mkl
  - libcblas=3.9.0=9_mkl
  - liblapack=3.9.0=9_mkl
  - libxgboost=1.4.0=h0e60522_0
  - m2w64-gcc-libgfortran=5.3.0=6
  - m2w64-gcc-libs=5.3.0=7
  - m2w64-gcc-libs-core=5.3.0=7
  - m2w64-gmp=6.1.0=2
  - m2w64-libwinpthread-git=5.0.0.4634.697f757=2
  - mkl=2021.2.0=hb70f87d_389
  - msys2-conda-epoch=20160418=1
  - numpy=1.21.1=py39h6635163_0
  - openssl=1.1.1k=h8ffe710_0
  - pip=21.1.3=pyhd8ed1ab_0
  - py-xgboost=1.4.0=py39hcbf5309_0
  - python=3.9.6=h7840368_1_cpython
  - python_abi=3.9=2_cp39
  - scikit-learn=0.24.2=py39he931e04_0
  - scipy=1.7.0=py39hc0c34ad_0
  - setuptools=49.6.0=py39hcbf5309_3
  - sqlite=3.36.0=h8ffe710_0
  - tbb=2021.3.0=h2d74725_0
  - threadpoolctl=2.2.0=pyh8a188c0_0
  - tzdata=2021a=he74cb21_1
  - ucrt=10.0.20348.0=h57928b3_0
  - vc=14.2=hb210afc_5
  - vs2015_runtime=14.29.30037=h902a5da_5
  - wheel=0.36.2=pyhd3deb0d_0
  - wincertstore=0.2=py39hcbf5309_1006
  - xgboost=1.4.0=py39hcbf5309_0
prefix: C:\Users\jlivs\anaconda3\envs\zillow
